--mean policy
0.2551020408166975,0.25510204081671156,0.25510204081667964,0.25510204081599663,8.215948238388173e-14,8.205809776482327e-14,1.1406400726013703e-13,7.963950091061017e-13
--lambda 0.0
0.25510205323720964,0.25510205293429794,0.2551020183768803,0.25509521819182146,1.3877345136922703e-09,1.5201908594188171e-09,3.6072245009220816e-08,6.8355661392822e-06
--lambda 0.001
0.25510210462575933,0.25510210080468343,0.25510178879233597,0.2550670997065306,7.423069600958386e-09,7.669129453382563e-09,3.19605205119309e-07,3.5002451427401057e-05
--lambda 0.009
0.25510204984206913,0.25510205036243705,0.25510204468722286,0.25509836444667905,1.7814593754001914e-09,1.5155068692201308e-09,7.201366144932891e-09,3.687328573124506e-06
--lambda 0.05
0.2551020411715012,0.25510204118854213,0.2551020408408085,0.25510180135058785,6.3863733246303e-11,5.3893482221356144e-11,4.037708512375532e-10,2.398853576939258e-07
--lambda 0.09
0.2551020412320585,0.25510204124024516,0.2551020410790514,0.2551017068912387,4.4142142460246916e-11,5.0846650079353183e-11,2.1196784686096807e-10,3.3439720835958683e-07
--lambda 0.1
0.2551020418279168,0.2551020418336626,0.25510204149793225,0.2551011985941296,8.549181599595815e-11,1.157997423245788e-10,4.529827411607362e-10,8.433490226724272e-07
